7
11
17
22
23
28
35
61
72
76
91
121
130
142
155
158
164
177
179
184
189
193
194
197
203
204
207
209
222
231
235
241
244
246
256
257
289
291
293
321
331
334
335
337
347
351
352
375
377
382
395
398
404
418
439
441
445
447
449
457
459
464
473
479
487
490
495
496
503
505
506
508
509
512
515
527
528
539
540
546
552
557
567
579
580
595
598
609
636
645
651
657
661
670
675
684
699
700
710
712
720
734
744
753
758
763
774
775
798
821
827
840
848
857
871
872
877
885
898
901
908
911
914
916
922
923
936
946
1001
1008
1014
1024
1025
1033
1046
1049
1053
1065
1067
1071
1090
1096
1105
1111
1119
1130
1132
1135
1140
1146
1154
1155
1158
1162
1167
1171
1185
1198
1202
1207
1209
1246
1252
1253
1259
1270
1277
1284
1285
1286
1292
1297
1302
1306
1308
1315
1319
1331
1350
1356
1359
1372
1376
1385
1386
1396
1420
1424
1434
1449
1451
1452
1462
1464
1469
1470
1474
1477
1483
1486
1491
1500
1511
1514
1524
1535
1544
1548
1552
1561
1574
1588
1591
1604
1616
1626
1627
1633
1634
1637
1638
1639
1649
1663
1674
1683
1684
1689
1701
1707
1715
1716
1722
1726
1732
1741
1755
1767
1778
1779
1787
1790
1805
1817
1821
1822
1834
1835
1841
1854
1864
1871
1875
1880
1883
1897
1902
1904
1905
1908
1909
1911
1912
1916
1924
1926
1927
1928
1929
1934
1938
1942
1946
1949
1955
1956
1968
1969
1974
1978
1985
1994
2004
2008
2040
2043
2045
2061
2078
2080
2081
2083
2086
2087
2089
2093
2095
2096
2098
2125
2127
2135
2139
2142
2143
2154
2168
2170
2178
2181
2188
2193
2200
2201
2204
2205
2206
2217
2234
2238
2241
2245
2249
2251
2258
2259
2268
2277
2283
2289
2293
2304
2305
2328
2334
2338
2339
2340
2341
2349
2365
2369
2378
2396
2398
2399
2404
2409
2412
2416
2433
2447
2451
2462
2472
2484
2485
2494
2496
2499
2507
2509
2510
2529
2532
2534
2538
2545
2546
2553
2557
2561
2575
2583
2593
2607
2624
2628
2636
2648
2657
2666
2670
2678
2680
2702
2712
2714
2715
2721
2722
2731
2732
2735
2746
2750
2753
2771
2773
2775
2789
2793
2801
2804
2813
2815
2825
2832
2836
2839
2841
2846
2847
2874
2885
2886
2892
2895
2899
2920
2928
2934
2937
2942
2945
2961
2989
2992
2994
3004
3017
3020
3030
3035
3039
3044
3052
3053
3056
3057
3061
3062
3070
3079
3091
3098
3104
3105
3107
3118
3120
3124
3130
3158
3162
3168
3169
3181
3182
3197
3205
3211
3218
3223
3227
3231
3252
3256
3257
3261
3266
3277
3309
3318
3322
3334
3345
3347
3356
3358
3359
3375
3381
3382
3395
3401
3410
3412
3434
3437
3459
3474
3483
3493
3521
3524
3526
3527
3533
3535
3551
3554
3555
3559
3568
3572
3574
3576
3589
3596
3609
3617
3625
3642
3648
3653
3655
3670
3671
3687
3689
3696
3704
3709
3710
3716
3718
3719
3721
3743
3746
3752
3792
3796
3801
3810
3814
3816
3825
3826
3838
3846
3850
3852
3855
3868
3871
3878
3883
3890
3896
3903
3904
3909
3911
3921
3925
3934
3939
3957
3959
3962
3969
3970
3971
3972
3976
3979
3990
