5
12
30
62
74
81
84
88
94
95
106
110
113
115
131
134
135
141
145
148
161
200
202
205
215
232
236
237
245
252
258
260
261
281
282
285
294
296
319
346
353
354
359
364
365
368
369
380
387
394
410
414
415
420
453
458
460
467
468
470
476
486
491
504
516
520
531
553
559
561
565
585
586
591
592
594
600
608
610
616
630
633
650
658
663
667
680
688
694
701
706
708
709
730
742
755
764
767
769
780
783
795
796
805
806
825
829
834
845
878
904
906
912
919
921
924
935
943
950
955
958
961
971
975
976
982
985
994
996
1011
1016
1026
1029
1031
1069
1070
1084
1086
1100
1101
1110
1112
1113
1118
1120
1149
1153
1161
1164
1165
1190
1208
1222
1234
1250
1261
1273
1275
1276
1288
1305
1309
1328
1332
1334
1338
1341
1342
1347
1354
1355
1367
1371
1381
1401
1404
1406
1407
1409
1416
1430
1432
1435
1441
1444
1454
1480
1482
1484
1487
1493
1501
1502
1505
1508
1509
1510
1525
1529
1553
1559
1567
1571
1585
1590
1598
1607
1610
1619
1630
1632
1642
1650
1664
1677
1682
1694
1699
1718
1735
1736
1742
1745
1752
1777
1782
1789
1807
1809
1813
1814
1828
1842
1853
1879
1887
1893
1917
1923
1931
1939
1952
1972
1975
1999
2001
2003
2013
2020
2035
2044
2046
2052
2062
2102
2107
2113
2120
2132
2136
2152
2155
2166
2171
2176
2179
2180
2182
2185
2198
2210
2215
2218
2222
2224
2228
2229
2230
2233
2237
2239
2255
2265
2271
2272
2276
2282
2284
2287
2299
2306
2312
2325
2374
2375
2386
2403
2405
2413
2423
2442
2448
2454
2460
2461
2463
2466
2482
2486
2489
2497
2516
2524
2533
2548
2551
2555
2558
2567
2574
2579
2582
2584
2586
2592
2610
2627
2646
2653
2654
2655
2658
2661
2675
2684
2723
2736
2744
2759
2764
2774
2788
2794
2795
2810
2814
2817
2835
2837
2844
2845
2851
2852
2861
2863
2876
2883
2894
2902
2924
2925
2933
2970
2984
3021
3042
3064
3069
3072
3082
3087
3088
3092
3114
3116
3122
3123
3126
3127
3128
3137
3145
3149
3151
3173
3186
3189
3190
3191
3193
3194
3200
3209
3237
3243
3247
3306
3307
3315
3317
3326
3327
3329
3337
3339
3340
3346
3349
3357
3368
3380
3386
3393
3394
3399
3400
3406
3414
3415
3419
3425
3426
3428
3439
3441
3442
3443
3444
3469
3476
3478
3487
3494
3501
3513
3516
3522
3525
3529
3543
3546
3573
3575
3583
3584
3587
3591
3594
3600
3601
3602
3608
3636
3656
3661
3667
3675
3676
3683
3685
3692
3693
3694
3698
3724
3729
3731
3735
3737
3742
3745
3760
3761
3762
3769
3770
3772
3783
3797
3799
3800
3802
3806
3822
3829
3843
3848
3869
3881
3905
3907
3919
3920
3929
3930
3940
3941
3944
3961
3964
3965
3968
3974
3992
3993
3995
3996
